1 XIE19990109.0275 8 13
2 XIE19990109.0275 13 17
3 XIE19990109.0275 17 20
4 XIE19990109.0275 20 25
5 XIE19990109.0275 25 28
6 XIE19990109.0275 28 34
7 XIE19990109.0275 34 38
8 XIE19990109.0275 38 40
9 APW19990126.0107 9 10
10 APW19990126.0107 10 16
11 XIE19981006.0278 8 13
12 XIE19981006.0278 13 16
13 XIE19981220.0031 8 13
14 XIE19981212.0249 8 13
15 XIE19981212.0249 13 17
16 XIE19981212.0249 17 21
17 XIE19981212.0249 21 25
18 XIE19981212.0249 25 29
19 APW19990107.0237 9 18
20 APW19990210.0388 9 14
21 APW19990210.0388 14 16
22 APW19990210.0388 16 19
23 APW19990210.0388 19 24
24 APW19990210.0388 24 25
25 APW19981219.0681 23 26
26 APW19981219.0681 26 28
27 APW19981219.0681 28 30
28 APW19981219.0681 30 33
29 APW19981219.0681 33 35
30 APW19981219.0681 35 38
31 APW19981219.0681 38 38
32 APW19981219.0681 38 41
33 APW19981219.0681 41 43
34 APW19981219.0681 43 45
35 APW19981219.0681 45 47
36 APW19981219.0681 47 50
37 XIE19981210.0008 8 13
38 XIE19981210.0008 13 18
39 XIE19981210.0008 18 21
40 XIE19981210.0008 21 26
41 XIE19981210.0008 26 32
42 XIE19981210.0008 32 38
43 XIE19981210.0008 38 42
44 XIE19981210.0008 42 47
45 XIE19981210.0008 47 53
46 XIE19981210.0008 53 58
47 XIE19981210.0347 8 12
48 XIE19981210.0347 12 20
49 XIE19981210.0347 20 25
50 XIE19981210.0347 25 27
51 XIE19981210.0347 27 31
52 XIE19981210.0347 31 35
53 XIE19981210.0347 35 37
54 XIE19981210.0347 37 43
55 XIE19981210.0347 43 48
56 XIE19981210.0347 48 50
57 XIE19981210.0347 50 52
58 XIE19990213.0044 8 14
59 XIE19990213.0044 14 18
60 XIE19990213.0044 18 23
61 XIE19990213.0044 23 27
62 XIE19990213.0044 27 29
63 XIE19990213.0044 29 33
64 XIE19990213.0044 33 37
65 XIE19990213.0044 37 42
66 XIE19990213.0044 42 44
67 XIE19990213.0044 44 48
68 XIE19990213.0044 48 53
69 XIE19990213.0044 53 56
70 XIE19990213.0044 56 59
71 XIE19990213.0044 59 64
72 XIE19990213.0044 64 69
73 XIE19990108.0012 8 13
74 XIE19990108.0012 13 19
75 XIE19990108.0012 19 23
76 XIE19990108.0012 23 29
77 XIE19990108.0012 29 33
78 XIE19990108.0012 33 38
79 XIE19990108.0012 38 40
80 XIE19990108.0012 40 44
81 XIE19990108.0012 44 45
82 XIE19990108.0012 45 51
83 XIE19990108.0012 51 57
84 XIE19990108.0012 57 62
85 XIE19990108.0012 62 66
86 XIE19990108.0012 66 70
87 XIE19990108.0012 70 75
88 XIE19990108.0012 75 77
89 XIE19990108.0012 77 79
90 XIE19990108.0012 79 82
91 XIE19990108.0012 82 83
92 APW19990212.0023 9 13
93 APW19990212.0023 13 14
94 APW19990212.0023 14 15
95 APW19990212.0023 15 16
96 APW19990212.0023 16 19
97 APW19990212.0023 19 22
98 APW19990212.0023 22 24
99 APW19990212.0023 24 28
100 APW19990212.0023 28 33
101 APW19990212.0023 33 36
102 APW19990212.0023 36 39
103 APW19990212.0023 39 45
104 APW19990212.0023 45 50
105 APW19990212.0023 50 52
106 APW19990212.0023 52 56
107 APW19990212.0023 56 60
108 APW19990212.0023 60 62
109 APW19990212.0023 62 65
110 APW19990212.0023 65 71
111 APW19990212.0023 71 72
112 APW19990212.0023 72 73
113 APW19990212.0023 73 76
114 APW19990212.0023 76 77
115 APW19990212.0023 77 81
116 APW19990212.0023 81 82
117 APW19990212.0023 82 84
118 APW19990212.0023 84 87
119 APW19990212.0023 87 88
120 APW19990212.0023 88 92
121 APW19990212.0023 92 93
122 APW19990212.0023 93 96
123 APW19990212.0023 96 99
124 APW19990212.0023 99 103
125 APW19990212.0023 103 108
126 APW19990212.0023 108 111
127 APW19990212.0023 111 114
128 APW19990212.0023 114 115
129 APW19990212.0023 115 116
130 APW19990212.0023 116 117
131 XIE19981216.0001 8 13
132 XIE19981216.0001 13 17
133 XIE19981216.0001 17 21
134 XIE19981216.0001 21 26
135 XIE19981216.0001 26 32
136 XIE19981216.0001 32 36
137 XIE19981216.0001 36 40
138 XIE19981216.0001 40 45
139 XIE19981216.0001 45 48
140 XIE19981216.0001 48 50
141 XIE19981216.0001 50 54
142 XIE19981216.0001 54 57
143 XIE19990108.0298 8 12
144 XIE19990108.0298 12 17
145 XIE19990108.0298 17 21
146 XIE19990108.0298 21 29
147 XIE19990108.0298 29 35
148 XIE19990108.0298 35 37
149 XIE19990108.0298 37 42
150 XIE19990108.0298 42 47
151 XIE19990108.0298 47 51
152 XIE19990108.0298 51 55
153 XIE19990108.0298 55 61
154 XIE19990108.0298 61 65
155 XIE19990108.0298 65 69
156 XIE19990108.0298 69 74
157 APW19990114.0300 9 15
158 APW19990114.0300 15 16
159 APW19990114.0300 16 20
160 APW19990114.0300 20 21
161 APW19990114.0300 21 27
162 APW19990114.0300 27 33
163 APW19990114.0300 33 40
164 APW19990114.0300 40 44
165 APW19990114.0300 44 47
166 APW19990114.0300 47 48
167 APW19990114.0300 48 54
168 APW19990114.0300 54 55
169 APW19990114.0300 55 58
170 APW19990114.0300 58 59
171 APW19990114.0300 59 60
172 APW19990114.0300 60 64
173 APW19990114.0300 64 68
174 APW19990114.0300 68 68
175 APW19990114.0300 68 69
176 APW19990114.0300 69 73
177 APW19990114.0300 73 77
178 APW19990114.0300 77 77
179 APW19990114.0300 77 80
180 APW19990114.0300 80 85
181 APW19990114.0300 85 89
182 APW19990114.0300 89 92
183 APW19990114.0300 92 93
184 APW19990114.0300 93 97
185 APW19990114.0300 97 98
186 APW19990114.0300 98 98
187 APW19990114.0300 98 99
188 APW19990114.0300 99 100
189 APW19990114.0300 100 103
190 APW19990114.0300 103 104
191 APW19990114.0300 104 105
192 APW19990114.0300 105 106
193 APW19990114.0300 106 109
194 APW19990114.0300 109 112
195 APW19990114.0300 112 114
196 APW19990114.0300 114 119
197 APW19990114.0300 119 124
198 APW19990114.0300 124 128
199 APW19990114.0300 128 131
200 APW19990114.0300 131 133
201 APW19990114.0300 133 138
202 APW19990114.0300 138 144
203 APW19990114.0300 144 149
204 APW19990114.0300 149 151
205 APW19990114.0300 151 155
206 APW19990114.0300 155 159
207 APW19990114.0300 159 163
208 APW19990114.0300 163 165
209 APW19990114.0300 165 167
210 APW19990114.0300 167 171
211 APW19990114.0300 171 177
212 APW19990114.0300 177 178
213 APW19990114.0300 178 179
214 APW19990114.0300 179 182
215 APW19990114.0300 182 185
216 APW19990114.0300 185 188
217 APW19990114.0300 188 191
218 APW19990114.0300 191 194
219 APW19990114.0300 194 195
220 NYT19980909.0008 19 25
221 NYT19980909.0008 25 32
222 NYT19980909.0008 32 36
223 NYT19980909.0008 36 39
224 NYT19980909.0008 39 43
225 NYT19980909.0008 43 47
226 NYT19980909.0008 47 52
227 NYT19980909.0008 52 55
228 NYT19980909.0008 55 56
229 NYT19980909.0008 56 58
230 NYT19980909.0008 58 60
231 APW19990211.0274 9 13
232 APW19990211.0274 13 14
233 APW19990211.0274 14 15
234 APW19990211.0274 15 16
235 APW19990211.0274 16 19
236 APW19990211.0274 19 22
237 APW19990211.0274 22 24
238 APW19990211.0274 24 28
239 APW19990211.0274 28 33
240 APW19990211.0274 33 36
241 APW19990211.0274 36 39
242 APW19990211.0274 39 45
243 APW19990211.0274 45 50
244 APW19990211.0274 50 52
245 APW19990211.0274 52 56
246 APW19990211.0274 56 60
247 APW19990211.0274 60 62
248 APW19990211.0274 62 65
249 APW19990211.0274 65 71
250 APW19990211.0274 71 72
251 APW19990211.0274 72 73
252 APW19990211.0274 73 76
253 APW19990211.0274 76 77
254 APW19990211.0274 77 81
255 APW19990211.0274 81 82
256 APW19990211.0274 82 84
257 APW19990211.0274 84 87
258 APW19990211.0274 87 88
259 APW19990211.0274 88 92
260 APW19990211.0274 92 93
261 APW19990211.0274 93 96
262 APW19990211.0274 96 99
263 APW19990211.0274 99 103
264 APW19990211.0274 103 108
265 APW19990211.0274 108 111
266 APW19990211.0274 111 114
267 XIE19981215.0014 8 12
268 XIE19981215.0014 12 15
269 XIE19981215.0014 15 18
270 XIE19981215.0014 18 22
271 XIE19981215.0014 22 25
272 XIE19981215.0014 25 30
273 XIE19981215.0014 30 36
274 XIE19981215.0014 36 39
275 XIE19981215.0014 39 40
276 XIE19981212.0287 8 13
277 XIE19981212.0287 13 17
278 XIE19990213.0030 8 13
279 XIE19990213.0030 13 18
280 XIE19990213.0030 18 20
281 XIE19990213.0030 20 23
282 XIE19981220.0035 8 13
283 XIE19981220.0036 8 13
284 XIE19981220.0036 13 18
285 XIE19981220.0036 18 22
286 XIE19981220.0047 8 14
287 XIE19981220.0047 14 19
288 XIE19981220.0047 19 23
289 XIE19990213.0027 8 13
290 XIE19990213.0027 13 18
291 XIE19990213.0027 18 20
292 XIE19990213.0027 20 23
